set_mut_sim(): max_len=1000000 REAL_len=1000000 mut_num = 1000 total mut=1000

 ref1_len=1000000  ref1 var num = 556 Var rate = 0.0005560000


 ref2_len=1000000  ref2 var num = 542 Var rate = 0.0005420000


 Ref_len =1000000  all  var num = 1000 Var rate = 0.0010000000 AB_mode num= 902 

